fctr_lvls_cho <- c("O1",
                   "O2",
                   "O3",
                   "O4",
                   "O5",
                   "O6",
                   "O7",
                   "O8",
                   "O9",
                   "O10",
                   "O11",
                   "O12",
                   "O13",
                   "O14",
                   "O15",
                   "O16",
                   "O17",
                   "O18",
                   "O19",
                   "O20",
                   "O21",
                   "O22",
                   "O23",
                   "O24",
                   "O25")

fctr_lvls_n <- c("N1 O1",
                 "N1 O2",
                 "N1 O3",
                 "N1 O4",
                 "N1 O5",
                 "N1 O6",
                 "N1 O7",
                 "N1 O8",
                 "N1 O9",
                 "N1 O10",
                 "N1 O11",
                 "N1 O12",
                 "N1 O13",
                 "N1 O14",
                 "N1 O15",
                 "N1 O16",
                 "N1 O17",
                 "N1 O18",
                 "N1 O19",
                 "N1 O20",
                 "N1 O21",
                 "N1 O22",
                 "N1 O23",
                 "N1 O24",
                 "N1 O25",
                 "N2 O1",
                 "N2 O2",
                 "N2 O3",
                 "N2 O4",
                 "N2 O5",
                 "N2 O6",
                 "N2 O7",
                 "N2 O8",
                 "N2 O9",
                 "N2 O10",
                 "N2 O11",
                 "N2 O12",
                 "N2 O13",
                 "N2 O14",
                 "N2 O15",
                 "N2 O16",
                 "N2 O17",
                 "N2 O18",
                 "N2 O19",
                 "N2 O20",
                 "N2 O21",
                 "N2 O22",
                 "N2 O23",
                 "N2 O24",
                 "N2 O25")

fctr_lvls_s <- c("S1 O1",
                 "S1 O2",
                 "S1 O3",
                 "S1 O4",
                 "S1 O5",
                 "S1 O6",
                 "S1 O7",
                 "S1 O8",
                 "S1 O9",
                 "S1 O10",
                 "S1 O11",
                 "S1 O12",
                 "S1 O13",
                 "S1 O14",
                 "S1 O15",
                 "S1 O16",
                 "S1 O17",
                 "S1 O18",
                 "S1 O19",
                 "S1 O20",
                 "S1 O21",
                 "S1 O22",
                 "S1 O23",
                 "S1 O24",
                 "S1 O25",
                 "S2 O1",
                 "S2 O2",
                 "S2 O3",
                 "S2 O4",
                 "S2 O5",
                 "S2 O6",
                 "S2 O7",
                 "S2 O8",
                 "S2 O9",
                 "S2 O10",
                 "S2 O11",
                 "S2 O12",
                 "S2 O13",
                 "S2 O14",
                 "S2 O15",
                 "S2 O16",
                 "S2 O17",
                 "S2 O18",
                 "S2 O19",
                 "S2 O20",
                 "S2 O21",
                 "S2 O22",
                 "S2 O23",
                 "S2 O24",
                 "S2 O25")

fctr_lvls_ns <- c("N1 S1 O1",
                  "N1 S1 O2",
                  "N1 S1 O3",
                  "N1 S1 O4",
                  "N1 S1 O5",
                  "N1 S1 O6",
                  "N1 S1 O7",
                  "N1 S1 O8",
                  "N1 S1 O9",
                  "N1 S1 O10",
                  "N1 S1 O11",
                  "N1 S1 O12",
                  "N1 S1 O13",
                  "N1 S1 O14",
                  "N1 S1 O15",
                  "N1 S1 O16",
                  "N1 S1 O17",
                  "N1 S1 O18",
                  "N1 S1 O19",
                  "N1 S1 O20",
                  "N1 S1 O21",
                  "N1 S1 O22",
                  "N1 S1 O23",
                  "N1 S1 O24",
                  "N1 S1 O25",
                  "N2 S1 O1",
                  "N2 S1 O2",
                  "N2 S1 O3",
                  "N2 S1 O4",
                  "N2 S1 O5",
                  "N2 S1 O6",
                  "N2 S1 O7",
                  "N2 S1 O8",
                  "N2 S1 O9",
                  "N2 S1 O10",
                  "N2 S1 O11",
                  "N2 S1 O12",
                  "N2 S1 O13",
                  "N2 S1 O14",
                  "N2 S1 O15",
                  "N2 S1 O16",
                  "N2 S1 O17",
                  "N2 S1 O18",
                  "N2 S1 O19",
                  "N2 S1 O20",
                  "N2 S1 O21",
                  "N2 S1 O22",
                  "N2 S1 O23",
                  "N2 S1 O24",
                  "N2 S1 O25",
                  "N1 S2 O1",
                  "N1 S2 O2",
                  "N1 S2 O3",
                  "N1 S2 O4",
                  "N1 S2 O5",
                  "N1 S2 O6",
                  "N1 S2 O7",
                  "N1 S2 O8",
                  "N1 S2 O9",
                  "N1 S2 O10",
                  "N1 S2 O11",
                  "N1 S2 O12",
                  "N1 S2 O13",
                  "N1 S2 O14",
                  "N1 S2 O15",
                  "N1 S2 O16",
                  "N1 S2 O17",
                  "N1 S2 O18",
                  "N1 S2 O19",
                  "N1 S2 O20",
                  "N1 S2 O21",
                  "N1 S2 O22",
                  "N1 S2 O23",
                  "N1 S2 O24",
                  "N1 S2 O25",
                  "N2 S2 O1",
                  "N2 S2 O2",
                  "N2 S2 O3",
                  "N2 S2 O4",
                  "N2 S2 O5",
                  "N2 S2 O6",
                  "N2 S2 O7",
                  "N2 S2 O8",
                  "N2 S2 O9",
                  "N2 S2 O10",
                  "N2 S2 O11",
                  "N2 S2 O12",
                  "N2 S2 O13",
                  "N2 S2 O14",
                  "N2 S2 O15",
                  "N2 S2 O16",
                  "N2 S2 O17",
                  "N2 S2 O18",
                  "N2 S2 O19",
                  "N2 S2 O20",
                  "N2 S2 O21",
                  "N2 S2 O22",
                  "N2 S2 O23",
                  "N2 S2 O24",
                  "N2 S2 O25")
